(69, 26) (58, 28)
(58, 28) (47, 34)
(47, 34) (43, 42)
(43, 42) (42, 52)
(42, 52) (43, 61)
(43, 61) (51, 71)
(51, 71) (60, 75)
(60, 75) (75, 77)
(75, 77) (88, 75)
(88, 75) (96, 73)
(96, 73) (104, 66)
(104, 66) (107, 59)
(107, 59) (109, 49)
(109, 49) (105, 38)
(105, 38) (99, 33)
(99, 33) (82, 26)
(82, 26) (69, 26)
(105, 38) (135, 36)
(133, 48) (109, 49)
(99, 33) (121, 21)
(104, 12) (89, 18)
(89, 18) (82, 26)
(107, 59) (125, 67)
(58, 28) (39, 9)
(69, 26) (67, 8)
(117, 70) (104, 66)
(96, 73) (111, 83)
(95, 88) (88, 75)
(47, 34) (28, 27)
(43, 42) (22, 41)
(75, 77) (80, 91)
(42, 52) (22, 56)
(51, 71) (33, 78)
(60, 75) (54, 89)
(43, 61) (29, 69)
