(71, 16) (57, 20)
(57, 20) (54, 24)
(54, 24) (50, 23)
(50, 23) (32, 21)
(32, 21) (25, 14)
(25, 14) (22, 24)
(22, 24) (17, 33)
(17, 33) (18, 49)
(18, 49) (23, 61)
(23, 61) (33, 67)
(33, 67) (52, 66)
(52, 66) (53, 69)
(53, 69) (50, 88)
(50, 88) (60, 88)
(60, 88) (63, 72)
(63, 72) (68, 73)
(68, 73) (71, 89)
(71, 89) (80, 88)
(80, 88) (78, 73)
(78, 73) (106, 70)
(106, 70) (101, 86)
(101, 86) (110, 87)
(110, 87) (113, 69)
(113, 69) (116, 68)
(116, 68) (125, 83)
(125, 83) (132, 81)
(132, 81) (124, 63)
(124, 63) (134, 50)
(134, 50) (134, 31)
(134, 31) (123, 19)
(123, 19) (108, 13)
(108, 13) (86, 12)
(86, 12) (71, 16)
(71, 16) (62, 30)
(62, 30) (54, 24)
(62, 30) (65, 47)
(65, 47) (61, 58)
(61, 58) (52, 66)
(124, 63) (116, 68)
(106, 70) (113, 69)
(78, 73) (68, 73)
(57, 20) (50, 23)
(53, 69) (63, 72)
(22, 24) (32, 21)
(134, 31) (147, 29)
(147, 29) (147, 28)
(147, 28) (148, 17)
(148, 17) (156, 13)
(156, 13) (156, 23)
(156, 23) (147, 28)
(147, 29) (152, 37)
(152, 37) (166, 38)
(33, 67) (33, 66)
(33, 66) (33, 65)
(33, 66) (46, 63)
(46, 63) (48, 59)
(31, 47) (44, 47)
(44, 47) (46, 55)
(46, 55) (41, 60)
(41, 60) (31, 58)
(31, 58) (26, 53)
(26, 53) (31, 47)
(31, 47) (32, 53)
(42, 35) (48, 31)
(48, 31) (50, 37)
(50, 37) (43, 36)
(43, 36) (42, 35)
(25, 34) (31, 31)
(31, 31) (31, 36)
(31, 36) (26, 35)
(26, 35) (25, 34)
(40, 51) (40, 55)
