(94, 20) (72, 21)
(72, 21) (62, 29)
(62, 29) (55, 45)
(55, 45) (56, 67)
(56, 67) (63, 82)
(63, 82) (73, 92)
(73, 92) (86, 96)
(86, 96) (105, 92)
(105, 92) (124, 70)
(124, 70) (126, 51)
(126, 51) (115, 32)
(115, 32) (94, 20)
(147, 24) (125, 26)
(125, 26) (115, 32)
(94, 20) (102, 11)
(102, 11) (119, 6)
(84, 1) (73, 14)
(73, 14) (72, 21)
(41, 32) (49, 26)
(49, 26) (62, 29)
(104, 43) (104, 38)
(104, 38) (98, 35)
(98, 35) (94, 43)
(94, 43) (98, 47)
(98, 47) (103, 44)
(103, 44) (104, 43)
(72, 40) (69, 42)
(69, 42) (71, 48)
(71, 48) (78, 44)
(78, 44) (73, 40)
(73, 40) (72, 40)
(110, 65) (103, 77)
(103, 77) (89, 84)
(89, 84) (79, 82)
(79, 82) (71, 72)
