(48, 46) (44, 38)
(44, 38) (36, 37)
(36, 37) (28, 44)
(28, 44) (29, 54)
(29, 54) (20, 61)
(20, 61) (20, 68)
(20, 68) (24, 73)
(24, 73) (34, 73)
(34, 73) (39, 85)
(39, 85) (48, 84)
(48, 84) (52, 76)
(52, 76) (60, 78)
(60, 78) (68, 74)
(68, 74) (69, 64)
(69, 64) (62, 59)
(62, 59) (65, 45)
(65, 45) (62, 42)
(62, 42) (48, 46)
(48, 84) (42, 104)
(42, 104) (36, 91)
(36, 91) (31, 86)
(31, 86) (26, 88)
(26, 88) (30, 104)
(30, 104) (41, 107)
(41, 107) (42, 104)
(56, 60) (62, 59)
(47, 48) (48, 46)
(51, 73) (52, 76)
(29, 54) (32, 55)
(34, 71) (34, 73)
(41, 107) (41, 108)
(41, 108) (42, 108)
(42, 108) (55, 99)
(55, 99) (63, 103)
(63, 103) (62, 110)
(62, 110) (57, 113)
(57, 113) (46, 113)
(46, 113) (42, 109)
(42, 109) (41, 109)
(41, 109) (41, 108)
(42, 108) (42, 109)
(41, 109) (25, 127)
(50, 58) (45, 53)
(45, 53) (36, 58)
(36, 58) (40, 68)
(40, 68) (47, 66)
(47, 66) (50, 59)
(50, 59) (50, 58)
