(47, 65) (67, 58)
(67, 58) (69, 43)
(69, 43) (65, 34)
(65, 34) (54, 27)
(54, 27) (44, 27)
(44, 27) (37, 31)
(37, 31) (32, 36)
(32, 36) (28, 47)
(28, 47) (31, 57)
(31, 57) (38, 64)
(38, 64) (47, 65)
(47, 65) (46, 80)
(46, 80) (15, 95)
(15, 95) (13, 95)
(13, 95) (6, 91)
(65, 143) (47, 116)
(47, 116) (46, 80)
(46, 80) (78, 91)
(78, 91) (83, 90)
(83, 90) (88, 87)
(65, 143) (76, 142)
(76, 142) (81, 146)
(81, 146) (81, 152)
(81, 152) (72, 153)
(72, 153) (65, 143)
(78, 28) (65, 34)
(62, 20) (54, 27)
(47, 19) (44, 27)
(37, 31) (31, 24)
(28, 140) (47, 116)
(28, 140) (19, 139)
(19, 139) (13, 145)
(13, 145) (25, 149)
(25, 149) (29, 145)
(29, 145) (28, 140)
(26, 32) (32, 36)
(82, 102) (78, 91)
(87, 92) (83, 90)
(4, 99) (13, 95)
(15, 95) (13, 100)
(52, 38) (55, 36)
(55, 36) (57, 40)
(57, 40) (51, 39)
(51, 39) (52, 38)
(59, 53) (51, 58)
(51, 58) (38, 56)
(38, 40) (38, 43)
