(128, 29) (123, 22)
(123, 22) (108, 22)
(108, 22) (66, 27)
(66, 27) (58, 34)
(58, 34) (58, 56)
(58, 56) (34, 59)
(34, 59) (22, 60)
(22, 60) (20, 71)
(20, 71) (21, 92)
(21, 92) (34, 93)
(34, 93) (35, 102)
(35, 102) (47, 109)
(47, 109) (61, 107)
(61, 107) (65, 95)
(65, 95) (59, 83)
(59, 83) (60, 58)
(60, 58) (91, 58)
(91, 58) (95, 91)
(95, 91) (126, 89)
(126, 89) (136, 99)
(136, 99) (145, 101)
(145, 101) (154, 94)
(154, 94) (155, 84)
(155, 84) (146, 75)
(146, 75) (131, 74)
(131, 74) (132, 58)
(132, 58) (160, 54)
(160, 54) (163, 61)
(163, 61) (170, 62)
(170, 62) (167, 53)
(167, 53) (163, 46)
(163, 46) (130, 52)
(130, 52) (130, 55)
(130, 55) (92, 58)
(92, 58) (90, 31)
(90, 31) (128, 29)
(170, 62) (172, 80)
(172, 80) (155, 84)
(130, 52) (128, 29)
(160, 54) (167, 53)
(131, 74) (124, 82)
(124, 82) (126, 89)
(58, 34) (90, 31)
(95, 91) (65, 95)
(130, 55) (132, 58)
(59, 83) (43, 84)
(43, 84) (34, 93)
(92, 58) (91, 58)
(20, 71) (29, 69)
(29, 69) (34, 59)
(58, 56) (60, 58)
(143, 81) (137, 80)
(137, 80) (133, 86)
(133, 86) (142, 88)
(142, 88) (144, 82)
(144, 82) (143, 81)
(43, 94) (50, 87)
(50, 87) (57, 92)
(57, 92) (52, 102)
(52, 102) (47, 102)
(47, 102) (43, 95)
(43, 95) (43, 94)
(119, 68) (123, 68)
(69, 74) (67, 75)
